Hectometerpaal-ID: 108577 Coördinaten: 52° 30.515665101998906, 5° 28.316448874382196
Hectometerpaal-ID: 108577 Coördinaten: 52° 30.605121743712544, 5° 28.32533449091036
